cam 0 0 0 -1 -1 -3 1 -1 -3 -1 1 -3 1 1 -3
ltp 0.5 -0.5 -0.5 1 1 1 0
ltp -0.5 0.5 0.5 1 1 1 0
lta 0.2 0.2 0.2

mat 1 1 1 1 0 0 1 1 1 64 0.9 0.9 0.9
sph 0 4 -17 1

mat 1 1 1 1 0.5 0 1 1 1 64 0.9 0.9 0.9
sph 0 -4 -17 1

mat 1 1 1 1 1 0 1 1 1 64 0.9 0.9 0.9
sph -4 0 -17 1

mat 1 1 1 0 1 0 1 1 1 64 0.9 0.9 0.9
sph 4 0 -17 1

mat 1 1 1 0 1 1 1 1 1 64 0.9 0.9 0.9
sph 2 2 -17 1

mat 1 1 1 0 0 1 1 1 1 64 0.9 0.9 0.9
sph -2 2 -17 1

mat 1 1 1 1 0 1 1 1 1 64 0.9 0.9 0.9
sph 2 -2 -17 1

mat 1 1 1 1 0 0.5 1 1 1 64 0.9 0.9 0.9
sph -2 -2 -17 1
