cam 0 0 2 -1 -1 1 1 -1 1 -1 1 1 1 1 1 mat 1 1 1 1 1 1 0 0 0 256 0 0 0 ltp -3 3 2 1 1 1 0 lta 0.1 0.1 0.1 sph 0 0 0 0.65


GREEN SPHERE:
cam 0 0 2 -1 -1 1 1 -1 1 -1 1 1 1 1 1 mat 0.3 0.3 0.3 0.2 0.5 0.4 1 1 1 30 0 0 0 lta 0.5 0.5 0.5 ltp 1 1 1 1 1 1 0 sph 0 0 0 0.5


cam 0 0 2 -1 -1 1 1 -1 1 -1 1 1 1 1 1 mat 0.3 0.3 0.3 0.2 0.5 0.4 1 1 1 30 0 0 0 lta 0.5 0.5 0.5 ltd 1 1 -1 1 1 1 0 sph 0 0 0 0.5


cam 0 0 2 -1 -1 1 1 -1 1 -1 1 1 1 1 1 mat 0.7 0.2 0.1 0.7 0.2 0.1 0 0 0 64 0 0 0 ltp 1 1 1 1 1 1 0 lta 1 1 1 sph -0.1 0 0 0.7 mat 0.3 0.1 0.6 0.3 0 1 0.6 0 0 0 64 0 0 0 sph 0.6 0.6 0.8 0.1


THREE TRIANGLES (point and directional lights):
cam 0 0 2 -1 -1 1 1 -1 1 -1 1 1 1 1 1 mat 1 1 1 .5 0 .5 0 0 0 64 .2 .2 .2 ltp 1 1 1 1 1 1 0 ltp -1 1 1 1 1 1 0 ltd 0 0 -1 1 1 1 lta 0.4 0.4 0.4 tri 0 1 -1 -1 -1 -1 1 -1 -1 tri 1 1 0 0 -1 0 2 -1 0 mat 1 1 1 0 .5 0 0 0 0 64 .2 .2 .2 tri -1 1 0.5 -2 -1 0.5 0 -1 0.5

cam 0 0 2 -1 -1 1 1 -1 1 -1 1 1 1 1 1 mat 1 1 1 .5 0 .5 0 0 0 64 0 0 0 ltp 1 1 1 1 1 1 0 ltp -1 1 1 1 1 1 0 ltd 0 0 -1 1 1 1 lta 0.4 0.4 0.4 tri 0 1 -1 -1 -1 -1 1 -1 -1 tri 1 1 0 0 -1 0 2 -1 0 mat 1 1 1 0 .5 0 0 0 0 64 0 0 0 tri -1 1 0.5 -2 -1 0.5 0 -1 0.5



MULTIPLE SPHERES:
cam 0 0 2 -1 -1 1 1 -1 1 -1 1 1 1 1 1 mat 1 1 1 .5 0 .5 0 0 0 64 .4 .4 .4 ltp 1 1 1 1 1 1 0 ltp -1 1 1 1 1 1 0 ltd 0 0 -1 1 1 1 lta 0.4 0.4 0.4 sph 0 0 0 .5 sph 1 -1 -1 .5 sph -1 1 -1 .5 mat 1 1 1 .5 .5 0 0 0 0 64 .5 .5 .5 sph 0 1 -0.5 .5 sph -1 0 -0.5 .5 mat 1 1 1 0 .5 0 0 0 0 64 .5 .5 .5 sph 0 -1 -0.5 .5 sph 1 0 -0.5 .5 mat 1 1 1 0 .5 .5 0 0 0 64 .5 .5 .5 sph -1 -1 -1 .5 sph 1 1 -1 .5


test multiple spheres:
cam 0 0 2 -1 -1 1 1 -1 1 -1 1 1 1 1 1 mat 1 1 1 .5 0 .5 0 0 0 64 0 0 0 ltp 1 1 1 1 1 1 0 ltp -1 1 1 1 1 1 0 ltd 0 0 -1 1 1 0 lta 0.4 0.4 0.4 sph 0 0 0 .5 sph 1 -1 -1 .5 sph -1 1 -1 .5 sph 0 1 -0.5 .5 sph -1 0 -0.5 .5 sph 0 -1 -0.5 .5 sph 1 0 -0.5 .5 sph -1 -1 -1 .5 sph 1 1 -1 .5

cam 0 0 2 -1 -1 1 1 -1 1 -1 1 1 1 1 1 ltd 0 0 -1 1 1 0 mat 1 1 1 .5 0 .5 0 0 0 64 0 0 0 sph 0 0 0 .5



TRIANGLE:
cam 0 0 2 -1 -1 1 1 -1 1 -1 1 1 1 1 1 mat 1 1 1 1 1 1 0 0 0 64 0 0 0 ltp 1 1 1 1 1 1 0 lta 0.1 0.1 0.1 tri 2 2 -1 -2 -2 -1 2 -2 -1

BACKLIT TRIANGLE:
cam 0 0 2 -1 -1 1 1 -1 1 -1 1 1 1 1 1 mat 1 1 1 1 1 1 0 0 0 64 0 0 0 ltp 1 1 1 1 1 1 0 lta 0.1 0.1 0.1 tri 2 2 -1 2 -2 -1 -2 -2 -1


Shadow From Directional Light

cam 0 0 2 -1 -1 1 1 -1 1 -1 1 1 1 1 1 mat 1 1 1 1 1 1 0 0 0 64 0 0 0 ltd 1 1 -1 1 1 1 0 lta 0.1 0.1 0.1 tri 2 2 -1 -2 -2 -1 2 -2 -1 sph 0.2 -0.2 0.0 0.1


sphere and sphere (point light)

cam 0 0 2 -1 -1 1 1 -1 1 -1 1 1 1 1 1 mat 1 1 1 1 1 1 1 1 1 256 0 0 0 ltp 0.5 0.8 0.5 1 1 1 0 lta 0.1 0.1 0.1 sph 0 0 -2 1.5 sph 0.5 0.5 0 0.1


2 spheres:
cam 0 0 2 -1 -1 1 1 -1 1 -1 1 1 1 1 1 mat 0 0 0 1 1 1 0 0 0 64 0 0 0
ltp 1 1 1 1 1 1 0
sph 0 0 0 0.65
sph 0.6 0.6 0.7 0.1





cam 0 0 2 -1 -1 1 1 -1 1 -1 1 1 1 1 1 mat 1 1 1 .5 0 .5 0 0 0 64 .2 .2 .2 ltp 1 1 1 1 1 1 0 ltp -1 1 1 1 1 1 0 ltd 0 0 -1 1 1 1 lta 0.4 0.4 0.4 tri 0 1 -1 -1 -1 -1 1 -1 -1 mat 1 1 1 .5 .5 0 0 0 0 64 .2 .2 .2 tri 1 1 0 0 -1 0 2 -1 0 mat 1 1 1 0 .5 0 0 0 0 64 .2 .2 .2 tri -1 1 0.5 -2 -1 0.5 0 -1 0.5

cam 0 0 2 -1 -1 1 1 -1 1 -1 1 1 1 1 1 mat 1 1 1 1 1 1 0 0 0 256 0 0 0 ltp -3 3 2 1 1 1 0 ltd -3 3 2 1 1 1 lta 0.1 0.1 0.1 sph 0 0 0 0.65



triangle and sphere:
cam 0 0 2 -1 -1 1 1 -1 1 -1 1 1 1 1 1 mat 1 1 1 1 1 1 0 0 0 64 0 0 0 ltd 1 1 -1 1 1 1 0 lta 0.1 0.1 0.1 tri 2 2 -1 -2 -2 -1 2 -2 -1 sph 0.2 -0.2 0.0 0.1

1 sphere shadow on another sphere:
cam 0 0 3 -1 -1 0 1 -1 0 -1 1 0 1 1 0 lta 0.1 0.1 0.1 ltd 1 1 -7 1 1 1 ltp -0.5 -0.5 0 1 1 1 0 mat 0.9 0.9 0 0.9 0.9 0 0.9 0.9 0 64 0 0 0 sph 0.5 0.5 -12 0.75 mat 0.9 0.9 0 0.9 0.9 0 0.9 0.9 0 64 0 0 0 sph 0 0 -15 2



COLORED SPHERES/SHADOW (NO REFLECTION):
cam 0 0 2 -1 -1 1 1 -1 1 -1 1 1 1 1 1 ltp 0.8 1 1 1 1 1 0 ltp -1.0 -1.0 0.8 1 0 0 0 lta 0.2 0.2 0.2 mat 0.9 0 1 0 1 1 0 0 1 100 0 0 0 sph 0 0 0 0.7 mat 1 0.5 0 1 1 0 0 1 0 64 0 0 0 sph 0.5 0.5 0.7 0.1 mat 1 0.2 1 1 0 0 1 1 0 100 0 0 0 sph 0.7 0.7 0.9 0.05 mat 0.2 1 1 1 0 1 1 0 0 64 0 0 0 sph 0 0.5 0.7 0.1


SIMPLE OBJECTS AT VARYING DISTANCES:
cam 0 0 0 -1 -1 -3 1 -1 -3 -1 1 -3 1 1 -3 lta 0.4 0.4 0.4 mat 1 0 0 0 0 0 0 0 0 0 0 0 0 sph 0 0 -20 3 mat 1 1 0 0 0 0 0 0 0 0 0 0 0 sph -2 2 -15 1 mat 0 1 1 0 0 0 0 0 0 0 0 0 0 tri -5 -5 -17 0 0 -17 1 -4 -17 mat 1 0 1 0 0 0 0 0 0 0 0 0 0 tri 5 5 -17 3 2 -20 6 -1 -20


cam 0 0 0 -1 -1 -3 1 -1 -3 -1 1 -3 1 1 -3 lta 0.4 0.4 0.4 mat 1 0 0 1 0 0 1 0 0 64 0 0 0 sph 0 0 -20 3 mat 1 1 0 1 1 0 1 1 0 64 0 0 0 sph -2 2 -15 1 mat 0 1 1 0 1 1 0 1 1 64 0 0 0 tri -5 -5 -17 0 0 -17 1 -4 -17 mat 1 0 1 1 0 1 1 0 1 64 0 0 0 tri 5 5 -17 3 2 -20 6 -1 -20


cam 0 0 0 -1 -1 -3 1 -1 -3 -1 1 -3 1 1 -3 ltp 1 1 1 1 1 1 0 mat 1 0 0 1 0 0 1 0 0 64 0 0 0 sph 0 0 -20 3 mat 1 1 0 1 1 0 1 1 0 64 0 0 0 sph -2 2 -15 1 mat 0 1 1 0 1 1 0 1 1 64 0 0 0 tri -5 -5 -17 0 0 -17 1 -4 -17 mat 1 0 1 1 0 1 1 0 1 64 0 0 0 tri 5 5 -17 3 2 -20 6 -1 -20


cam 0 0 0 -1 -1 -3 1 -1 -3 -1 1 -3 1 1 -3 ltp 1 1 1 1 1 1 0 mat 0.3 0.3 0.3 0.2 0.5 0.4 1 1 1 30 0 0 0 sph 0 0 -20 3 sph -2 2 -15 1 tri -5 -5 -17 0 0 -17 1 -4 -17 tri 5 5 -17 3 2 -20 6 -1 -20

cam 0 0 2 -1 -1 1 1 -1 1 -1 1 1 1 1 1 mat 0.3 0.3 0.3 0.2 0.5 0.4 1 1 1 30 0 0 0 lta 0.5 0.5 0.5 ltp 1 1 1 1 1 1 0 sph 0 0 0 0.5 tri 10 10 1 10 0 1 1 1 0




SPHERE THAT IS TRANSLATED:
cam 0 0 2 -1 -1 1 1 -1 1 -1 1 1 1 1 1 mat 1 1 1 1 1 1 0 0 0 64 0 0 0 ltp 1 1 1 1 0.5 0 0 lta 0.3 0.3 0.2 xft .5 -0.5 0.5 sph 0 0 0 0.65

OBJECT:
cam 0 0 13 -1 -1 10 1 -1 10 -1 1 10 1 1 10 lta 0.3 0.3 0.3 ltp 2 -2 13 0.7 0.7 0.7 0 mat 0.5 0 0.5 0.1 0.7 0.1 0.5 0.1 0.1 64 0 0 0 obj icosahedron.obj


HUMANOID:
cam -10 20 0 -10 -20 10 10 -20 10 -10 20 10 10 20 10 mat 0.3 0.4 0.3 .1 .1 .9 1 1 1 64 0 0 0 ltd 0 -1 0 1 1 1 0 ltp -10 20 0 1 1 1 ltd 1 0 0 .9 0 0 lta 1 1 1 obj humanoid.obj

cam -10 20 0 -10 -20 10 10 -20 10 -10 20 10 10 20 10 mat 0.3 0.4 0.3 .1 .1 .9 1 1 1 64 0 0 0 ltp -10 20 0 1 1 1 lta 1 1 1 obj humanoid.obj

cam 0 0 0 -1 -1 -3 1 -1 -3 -1 1 -3 1 1 -3 mat 1 1 1 1 0 0 1 1 1 50 .9 .9 .9 sph 0 0 -17 2 mat 1 1 1 0 0 1 1 1 1 50 .9 .9 .9 sph 0 4 -17 1.5 mat 1 1 1 1 .75 .75 1 1 1 50 .9 .9 .9 sph 0 -4 -17 1.5 mat 1 1 1 0 1 0 1 1 1 50 .9 .9 .9 sph 4 0 -17 1.5 mat 1 1 1 1 0.5 0 1 1 1 50 .9 .9 .9 sph -4 0 -17 1.5 ltd 0.57735027 -0.57735027 -0.57735027 1 1 1 ltd -0.57735027 0.57735027 0.57735027 1 1 1 lta .1 .1 .1
